-48302 49782 -35980 24834 -20238 37398 -41472 45061 -34093 10322
-13391 45918 -40038 37409 42282 -22740 33348 -42111 13490 -13702
-41212 -10844 44762 -49233 18473 37002 -48122 -28492 23574 -43851
18792 49530 12602 -36011 41524 21598 -49708 18629 -33582 28344
46973 35488 -16385 -38940 27233 19834 -22204 40458 -32984 -40598
40282 -14892 31234 -30321 46304 -23784 -13580 -49004 42728 10823
-17904 38932 12344 -45201 -37530 -43282 -32001 20873 -45111 25983
39702 -31180 20938 49211 32289 -25138 41892 35784 -15038 43028
-49083 37584 14567 -29530 -12084 48122 40563 27483 -22304 -11039
30092 -42782 27638 -19384 42381 -39471 19548 28374 17639 -13049

